Energy    Scatter. Absorb.  Pr. Prd. Coherent 
1.000E-03 5.041E-03 7.919E+03 0.000E+00 7.919E+03 
1.006E-03 5.089E-03 7.817E+03 0.000E+00 7.817E+03 
1.006E-03 5.089E-03 8.005E+03 0.000E+00 8.005E+03 
1.150E-03 6.272E-03 5.942E+03 0.000E+00 5.942E+03 
1.322E-03 7.747E-03 4.353E+03 0.000E+00 4.353E+03 
1.500E-03 9.294E-03 3.283E+03 0.000E+00 3.283E+03 
1.520E-03 9.466E-03 3.182E+03 0.000E+00 3.182E+03 
1.747E-03 1.141E-02 2.284E+03 0.000E+00 2.284E+03 
2.000E-03 1.353E-02 1.657E+03 0.000E+00 1.657E+03 
2.009E-03 1.361E-02 1.638E+03 0.000E+00 1.638E+03 
2.310E-03 1.608E-02 1.161E+03 0.000E+00 1.161E+03 
2.656E-03 1.885E-02 8.220E+02 0.000E+00 8.220E+02 
3.000E-03 2.151E-02 6.085E+02 0.000E+00 6.085E+02 
3.054E-03 2.191E-02 5.815E+02 0.000E+00 5.816E+02 
3.511E-03 2.527E-02 4.080E+02 0.000E+00 4.080E+02 
3.537E-03 2.546E-02 4.003E+02 0.000E+00 4.003E+02 
3.537E-03 2.546E-02 7.724E+02 0.000E+00 7.725E+02 
3.631E-03 2.612E-02 7.239E+02 0.000E+00 7.240E+02 
3.727E-03 2.679E-02 6.782E+02 0.000E+00 6.783E+02 
3.727E-03 2.679E-02 8.544E+02 0.000E+00 8.544E+02 
4.000E-03 2.866E-02 7.176E+02 0.000E+00 7.177E+02 
4.018E-03 2.878E-02 7.096E+02 0.000E+00 7.097E+02 
4.018E-03 2.878E-02 7.892E+02 0.000E+00 7.892E+02 
4.037E-03 2.891E-02 7.798E+02 0.000E+00 7.799E+02 
4.341E-03 3.091E-02 6.493E+02 0.000E+00 6.493E+02 
4.341E-03 3.091E-02 9.259E+02 0.000E+00 9.260E+02 
4.475E-03 3.177E-02 8.646E+02 0.000E+00 8.646E+02 
4.612E-03 3.264E-02 8.074E+02 0.000E+00 8.074E+02 
4.612E-03 3.264E-02 9.376E+02 0.000E+00 9.376E+02 
4.642E-03 3.283E-02 9.233E+02 0.000E+00 9.233E+02 
4.939E-03 3.468E-02 7.950E+02 0.000E+00 7.950E+02 
4.939E-03 3.468E-02 8.605E+02 0.000E+00 8.605E+02 
5.000E-03 3.505E-02 8.345E+02 0.000E+00 8.346E+02 
5.337E-03 3.706E-02 7.068E+02 0.000E+00 7.069E+02 
6.000E-03 4.085E-02 5.244E+02 0.000E+00 5.245E+02 
6.136E-03 4.161E-02 4.944E+02 0.000E+00 4.944E+02 
7.055E-03 4.651E-02 3.424E+02 0.000E+00 3.424E+02 
8.000E-03 5.121E-02 2.459E+02 0.000E+00 2.460E+02 
8.111E-03 5.174E-02 2.370E+02 0.000E+00 2.370E+02 
9.326E-03 5.725E-02 1.632E+02 0.000E+00 1.632E+02 
1.000E-02 6.007E-02 1.354E+02 0.000E+00 1.355E+02 
1.072E-02 6.291E-02 1.119E+02 0.000E+00 1.120E+02 
1.233E-02 6.861E-02 7.647E+01 0.000E+00 7.653E+01 
1.418E-02 7.423E-02 5.223E+01 0.000E+00 5.231E+01 
1.500E-02 7.645E-02 4.476E+01 0.000E+00 4.484E+01 
1.630E-02 7.964E-02 3.555E+01 0.000E+00 3.563E+01 
1.874E-02 8.480E-02 2.413E+01 0.000E+00 2.422E+01 
2.000E-02 8.712E-02 2.014E+01 0.000E+00 2.023E+01 
2.154E-02 8.969E-02 1.634E+01 0.000E+00 1.643E+01 
2.477E-02 9.427E-02 1.103E+01 0.000E+00 1.113E+01 
2.671E-02 9.657E-02 8.924E+00 0.000E+00 9.020E+00 
2.671E-02 9.657E-02 2.852E+01 0.000E+00 2.861E+01 
2.848E-02 9.842E-02 2.411E+01 0.000E+00 2.421E+01 
3.000E-02 9.984E-02 2.104E+01 0.000E+00 2.114E+01 
3.181E-02 1.014E-01 1.801E+01 0.000E+00 1.811E+01 
3.181E-02 1.014E-01 3.421E+01 0.000E+00 3.431E+01 
3.274E-02 1.021E-01 3.174E+01 0.000E+00 3.184E+01 
3.765E-02 1.053E-01 2.202E+01 0.000E+00 2.212E+01 
4.000E-02 1.065E-01 1.875E+01 0.000E+00 1.885E+01 
4.329E-02 1.079E-01 1.516E+01 0.000E+00 1.527E+01 
4.977E-02 1.100E-01 1.037E+01 0.000E+00 1.048E+01 
5.000E-02 1.100E-01 1.024E+01 0.000E+00 1.035E+01 
5.722E-02 1.114E-01 7.064E+00 0.000E+00 7.175E+00 
6.000E-02 1.117E-01 6.195E+00 0.000E+00 6.307E+00 
6.579E-02 1.121E-01 4.792E+00 0.000E+00 4.904E+00 
7.565E-02 1.122E-01 3.236E+00 0.000E+00 3.349E+00 
8.000E-02 1.120E-01 2.763E+00 0.000E+00 2.875E+00 
8.697E-02 1.116E-01 2.179E+00 0.000E+00 2.290E+00 
1.000E-01 1.103E-01 1.463E+00 0.000E+00 1.573E+00 
1.150E-01 1.085E-01 9.804E-01 0.000E+00 1.089E+00 
1.322E-01 1.062E-01 6.563E-01 0.000E+00 7.625E-01 
1.500E-01 1.038E-01 4.560E-01 0.000E+00 5.597E-01 
1.520E-01 1.035E-01 4.390E-01 0.000E+00 5.424E-01 
1.747E-01 1.004E-01 2.937E-01 0.000E+00 3.941E-01 
2.000E-01 9.715E-02 1.994E-01 0.000E+00 2.966E-01 
2.009E-01 9.704E-02 1.968E-01 0.000E+00 2.938E-01 
2.310E-01 9.343E-02 1.322E-01 0.000E+00 2.256E-01 
2.656E-01 8.964E-02 8.916E-02 0.000E+00 1.788E-01 
3.000E-01 8.624E-02 6.353E-02 0.000E+00 1.498E-01 
3.054E-01 8.574E-02 6.048E-02 0.000E+00 1.462E-01 
3.511E-01 8.177E-02 4.133E-02 0.000E+00 1.231E-01 
4.000E-01 7.803E-02 2.917E-02 0.000E+00 1.072E-01 
4.037E-01 7.777E-02 2.847E-02 0.000E+00 1.062E-01 
4.642E-01 7.376E-02 1.981E-02 0.000E+00 9.357E-02 
5.000E-01 7.164E-02 1.641E-02 0.000E+00 8.804E-02 
5.337E-01 6.979E-02 1.396E-02 0.000E+00 8.375E-02 
6.000E-01 6.652E-02 1.049E-02 0.000E+00 7.701E-02 
6.136E-01 6.590E-02 9.943E-03 0.000E+00 7.584E-02 
7.055E-01 6.206E-02 7.162E-03 0.000E+00 6.922E-02 
8.000E-01 5.864E-02 5.425E-03 0.000E+00 6.406E-02 
8.111E-01 5.826E-02 5.269E-03 0.000E+00 6.353E-02 
9.326E-01 5.455E-02 3.945E-03 0.000E+00 5.850E-02 
1.000E+00 5.279E-02 3.387E-03 0.000E+00 5.618E-02 
1.022E+00 5.226E-02 3.223E-03 0.000E+00 5.548E-02 
1.072E+00 5.107E-02 2.907E-03 3.482E-06 5.398E-02 
1.233E+00 4.761E-02 2.230E-03 1.428E-04 4.998E-02 
1.250E+00 4.727E-02 2.174E-03 1.708E-04 4.962E-02 
1.417E+00 4.430E-02 1.726E-03 5.505E-04 4.657E-02 
1.500E+00 4.300E-02 1.557E-03 7.939E-04 4.535E-02 
1.630E+00 4.113E-02 1.343E-03 1.232E-03 4.370E-02 
1.874E+00 3.809E-02 1.057E-03 2.183E-03 4.133E-02 
2.000E+00 3.672E-02 9.484E-04 2.712E-03 4.038E-02 
2.044E+00 3.627E-02 9.151E-04 2.900E-03 4.009E-02 
2.154E+00 3.520E-02 8.400E-04 3.373E-03 3.942E-02 
2.477E+00 3.245E-02 6.733E-04 4.759E-03 3.788E-02 
2.848E+00 2.984E-02 5.443E-04 6.311E-03 3.671E-02 
3.000E+00 2.891E-02 5.038E-04 6.928E-03 3.635E-02 
3.274E+00 2.739E-02 4.433E-04 8.009E-03 3.586E-02 
3.765E+00 2.508E-02 3.635E-04 9.839E-03 3.531E-02 
4.000E+00 2.412E-02 3.342E-04 1.067E-02 3.517E-02 
4.329E+00 2.292E-02 2.999E-04 1.179E-02 3.506E-02 
4.977E+00 2.090E-02 2.488E-04 1.384E-02 3.507E-02 
5.000E+00 2.084E-02 2.473E-04 1.391E-02 3.508E-02 
5.722E+00 1.902E-02 2.075E-04 1.596E-02 3.531E-02 
6.000E+00 1.842E-02 1.953E-04 1.670E-02 3.544E-02 
6.579E+00 1.728E-02 1.738E-04 1.818E-02 3.579E-02 
7.000E+00 1.656E-02 1.609E-04 1.919E-02 3.608E-02 
7.565E+00 1.568E-02 1.462E-04 2.048E-02 3.650E-02 
8.000E+00 1.507E-02 1.366E-04 2.143E-02 3.685E-02 
8.697E+00 1.420E-02 1.235E-04 2.287E-02 3.743E-02 
9.000E+00 1.385E-02 1.185E-04 2.346E-02 3.769E-02 
1.000E+01 1.283E-02 1.046E-04 2.533E-02 3.856E-02 
1.100E+01 1.197E-02 9.359E-05 2.704E-02 3.943E-02 
1.150E+01 1.159E-02 8.891E-05 2.785E-02 3.987E-02 
1.200E+01 1.123E-02 8.463E-05 2.863E-02 4.030E-02 
1.300E+01 1.058E-02 7.721E-05 3.010E-02 4.114E-02 
1.322E+01 1.044E-02 7.576E-05 3.040E-02 4.132E-02 
1.400E+01 1.001E-02 7.101E-05 3.145E-02 4.195E-02 
1.500E+01 9.499E-03 6.566E-05 3.270E-02 4.272E-02 
1.520E+01 9.406E-03 6.470E-05 3.294E-02 4.287E-02 
1.600E+01 9.048E-03 6.110E-05 3.387E-02 4.346E-02 
1.747E+01 8.458E-03 5.540E-05 3.546E-02 4.450E-02 
1.800E+01 8.268E-03 5.361E-05 3.600E-02 4.485E-02 
2.000E+01 7.625E-03 4.776E-05 3.791E-02 4.616E-02 
2.009E+01 7.598E-03 4.752E-05 3.799E-02 4.622E-02 
2.200E+01 7.083E-03 4.305E-05 3.964E-02 4.739E-02 
2.310E+01 6.818E-03 4.082E-05 4.053E-02 4.803E-02 
2.400E+01 6.617E-03 3.916E-05 4.121E-02 4.853E-02 
2.600E+01 6.215E-03 3.593E-05 4.265E-02 4.960E-02 
2.656E+01 6.111E-03 3.512E-05 4.303E-02 4.988E-02 
2.800E+01 5.861E-03 3.319E-05 4.396E-02 5.058E-02 
3.000E+01 5.550E-03 3.083E-05 4.517E-02 5.151E-02 
3.054E+01 5.472E-03 3.026E-05 4.548E-02 5.175E-02 
3.511E+01 4.897E-03 2.610E-05 4.789E-02 5.365E-02 
4.000E+01 4.411E-03 2.275E-05 5.010E-02 5.542E-02 
4.037E+01 4.378E-03 2.253E-05 5.025E-02 5.554E-02 
4.642E+01 3.911E-03 1.947E-05 5.255E-02 5.744E-02 
5.000E+01 3.682E-03 1.802E-05 5.374E-02 5.843E-02 
5.337E+01 3.492E-03 1.684E-05 5.476E-02 5.929E-02 
6.000E+01 3.173E-03 1.492E-05 5.656E-02 6.081E-02 
6.136E+01 3.115E-03 1.458E-05 5.689E-02 6.110E-02 
7.055E+01 2.777E-03 1.263E-05 5.897E-02 6.289E-02 
8.000E+01 2.502E-03 1.110E-05 6.077E-02 6.446E-02 
8.111E+01 2.473E-03 1.094E-05 6.096E-02 6.463E-02 
9.326E+01 2.201E-03 9.485E-06 6.284E-02 6.629E-02 
1.000E+02 2.077E-03 8.832E-06 6.373E-02 6.708E-02 